-1.0 -0.3635607859941007
-0.9899497487437185 -0.35937931673012935
-0.9798994974874372 -0.35519343431333034
-0.9698492462311558 -0.3510085938467591
-0.9597989949748744 -0.346824901498735
-0.949748743718593 -0.34264106397003824
-0.9095477386934674 -0.3259032320362269
-0.8994974874371859 -0.321718944297252
-0.8894472361809045 -0.3175356532270694
-0.8793969849246231 -0.313351835184384
-0.8693467336683417 -0.30916599475484285
-0.8592964824120604 -0.3049824357730358
-0.8492462311557789 -0.3007992237172824
-0.8391959798994975 -0.2966117635955909
-0.8291457286432161 -0.2924299161227984
-0.8190954773869347 -0.2882462173427381
-0.8090452261306533 -0.284061103141768
-0.7889447236180904 -0.27569294047079396
-0.7688442211055276 -0.2673244864961548
-0.7587939698492463 -0.2631398785339099
-0.7487437185929648 -0.2589534450942255
-0.7386934673366834 -0.2547689162705518
-0.728643216080402 -0.2505874553282045
-0.6884422110552764 -0.2338508898524044
-0.6783919597989949 -0.2296641241772383
-0.6683417085427136 -0.22548034979463444
-0.6582914572864322 -0.22129754273532407
-0.6482412060301508 -0.2171124533922996
-0.6180904522613065 -0.20455792256995947
-0.6080402010050251 -0.20037665664634435
-0.5879396984924623 -0.19200480414438384
-0.5678391959798995 -0.18363710125185642
-0.5477386934673367 -0.17527015174981742
-0.5175879396984925 -0.16271464099228752
-0.507537688442211 -0.15853148913848833
-0.4974874371859297 -0.15434771157533633
-0.48743718592964824 -0.15016273021901713
-0.4773869346733668 -0.14597862261668682
-0.46733668341708545 -0.14179431300565498
-0.4371859296482412 -0.12924365398971469
-0.42713567839195976 -0.125060958967812
-0.4170854271356784 -0.12087249811995866
-0.40703517587939697 -0.11668882719442433
-0.35678391959798994 -0.09576884015871914
-0.3467336683417085 -0.09158302771297035
-0.33668341708542715 -0.08740017226933823
-0.3266331658291457 -0.08321551631290235
-0.31658291457286436 -0.07902996677739349
-0.29648241206030146 -0.0706626579748065
-0.2864321608040201 -0.06647778824229553
-0.27638190954773867 -0.06229516440871789
-0.26633165829145733 -0.058111319643855935
-0.2562814070351759 -0.05392572235190685
-0.24623115577889443 -0.04974128107642874
-0.2361809045226131 -0.04555636215847271
-0.22613065326633164 -0.04137212304050855
-0.2160804020100502 -0.037187565039996553
-0.20603015075376885 -0.033003509130080405
-0.1959798994974874 -0.0288182373446153
-0.18592964824120606 -0.024635731557530974
-0.1758793969849246 -0.020449911221270076
-0.16582914572864316 -0.016267033081748542
-0.15577889447236182 -0.012083409008121894
-0.14572864321608037 -0.007897956093856557
-0.13567839195979903 -0.003713222738352473
-0.12562814070351758 0.00047123102597686764
-0.11557788944723613 0.004654484777180559
-0.10552763819095479 0.00883851554470788
-0.09547738693467334 0.013023452324711663
-0.085427135678392 0.017207906547575647
-0.07537688442211055 0.021391434241082696
-0.0653266331658291 0.025575613099321687
-0.035175879396984966 0.038127939470590136
-0.015075376884422065 0.04649734028430101
0.015075376884422065 0.05905192522591584
0.025125628140703515 0.06323604828459421
0.045226130653266416 0.07160228032832124
0.055276381909547645 0.07578751360527254
0.0653266331658291 0.07997244980048142
0.07537688442211055 0.0841569426997036
0.1055276381909549 0.09670770587730557
0.11557788944723613 0.10089336373437628
0.15577889447236193 0.11762915398882948
0.16582914572864316 0.12181330073445604
0.1758793969849246 0.12599865537846655
0.18592964824120606 0.13018340023834685
0.1959798994974875 0.1343694642425899
0.20603015075376896 0.13855178725283565
0.22613065326633164 0.14691998950543536
0.24623115577889454 0.15528904700352766
0.256281407035176 0.1594743400925046
0.2864321608040201 0.1720252115239983
0.29648241206030157 0.17621122705499523
0.306532663316583 0.1803939871431768
0.3266331658291457 0.1887626877148549
0.33668341708542715 0.1929468929622275
0.3467336683417086 0.19713200156883107
0.35678391959799005 0.20131575778222707
0.37688442211055273 0.20968580814750884
0.4070351758793971 0.22223777467385344
0.4170854271356783 0.22642244011004048
0.42713567839195976 0.23060614045984834
0.4371859296482412 0.23478906476065542
0.44723618090452266 0.238974683872935
0.46733668341708534 0.2473427791780998
0.4773869346733668 0.2515266950164072
0.5175879396984926 0.26826412842593916
0.5477386934673367 0.2808184280337835
0.5678391959798996 0.289185991943638
0.5879396984924623 0.2975567505024923
0.5979899497487438 0.30173851741914537
0.6080402010050252 0.30592264311775824
0.6180904522613067 0.31010871437258986
0.6281407035175879 0.31429187576363565
0.6482412060301508 0.32265882342607993
0.6783919597989949 0.33521435963840895
0.6984924623115578 0.34358304051071553
0.7085427135678393 0.34776568454447676
0.728643216080402 0.35613477635418245
0.7386934673366834 0.3603200508558336
0.7487437185929648 0.3645046179512831
0.7587939698492463 0.3686874606808791
0.778894472361809 0.37705575608277436
0.7889447236180904 0.3812397382839627
0.7989949748743719 0.385424027403683
0.8190954773869348 0.39379409548319255
0.829145728643216 0.3979795883391616
0.8391959798994975 0.4021609785173135
0.8592964824120604 0.4105286777364856
0.879396984924623 0.41889823556673844
0.8994974874371859 0.42726884660104614
0.9396984924623115 0.44400453317906985
0.9597989949748744 0.4523726824394102
0.9698492462311559 0.4565584770669478
0.9899497487437185 0.4649259453422501
1.0 0.4691100138486293
