-1.0 -1.6269951367089899
-0.9899497487437185 -1.5843766658460374
-0.9597989949748744 -1.4569250956616
-0.949748743718593 -1.415024095742094
-0.9396984924623115 -1.3740959870679035
-0.9296482412060302 -1.334127259457264
-0.9195979899497487 -1.2950803292411235
-0.9095477386934674 -1.2586542276256405
-0.8894472361809045 -1.1847540337170015
-0.8793969849246231 -1.1522361334753468
-0.8693467336683417 -1.1170364344366346
-0.8592964824120604 -1.083623754497238
-0.8391959798994975 -1.0184469986924716
-0.8291457286432161 -0.9863563171071543
-0.8190954773869347 -0.9555551790404573
-0.8090452261306533 -0.9271072274288893
-0.7989949748743719 -0.8976473028327692
-0.7889447236180904 -0.8667070783034407
-0.778894472361809 -0.8415782186832452
-0.7587939698492463 -0.7868754719333176
-0.7386934673366834 -0.7363673187648113
-0.728643216080402 -0.7092450036010013
-0.6984924623115578 -0.6407402220371101
-0.6582914572864322 -0.5543237874065663
-0.6482412060301508 -0.5354895647926602
-0.6381909547738693 -0.514770027595978
-0.6281407035175879 -0.4972597082593447
-0.6180904522613065 -0.477247194413691
-0.6080402010050251 -0.459852824380793
-0.5879396984924623 -0.4259809232751753
-0.5778894472361809 -0.40839046045693655
-0.5577889447236181 -0.3792448942202929
-0.5477386934673367 -0.3599654154286678
-0.5276381909547738 -0.33348287546252464
-0.5175879396984925 -0.319098854626786
-0.507537688442211 -0.304061382796699
-0.4974874371859297 -0.2941672793975679
-0.4773869346733668 -0.2670939995341089
-0.46733668341708545 -0.25500926186335526
-0.457286432160804 -0.24538165610917417
-0.44723618090452255 -0.2339968616999615
-0.4371859296482412 -0.22189637087953595
-0.42713567839195976 -0.21166820950513188
-0.4170854271356784 -0.2023002396616384
-0.40703517587939697 -0.19204971681558206
-0.3869346733668342 -0.17473686525746915
-0.37688442211055273 -0.1648774136129722
-0.3668341708542714 -0.15746044240794377
-0.35678391959798994 -0.14793759850088856
-0.3467336683417085 -0.1405981380989663
-0.33668341708542715 -0.13251906992118476
-0.31658291457286436 -0.1195166510329805
-0.3065326633165829 -0.11015579074800955
-0.29648241206030146 -0.1053707176808413
-0.2864321608040201 -0.09675388492842675
-0.26633165829145733 -0.08402033182148944
-0.2562814070351759 -0.07599080963144372
-0.24623115577889443 -0.07279875389074035
-0.22613065326633164 -0.06270809939749539
-0.20603015075376885 -0.053022546195957275
-0.18592964824120606 -0.040405778621342585
-0.16582914572864316 -0.030990916809232306
-0.15577889447236182 -0.028814341603209566
-0.14572864321608037 -0.025317837067922865
-0.13567839195979903 -0.019306091486513362
-0.11557788944723613 -0.011282608761763676
-0.10552763819095479 -0.009136135106530507
-0.09547738693467334 -0.0047802778770320254
-0.085427135678392 0.0011974512609144482
-0.07537688442211055 0.004488528711801173
-0.0653266331658291 0.006919490730312258
-0.055276381909547756 0.010510696898878633
-0.045226130653266305 0.013735905091846634
-0.035175879396984966 0.014666153912101538
-0.025125628140703515 0.0201511452954022
-0.015075376884422065 0.023080165082856235
-0.005025125628140725 0.0278454714516856
0.005025125628140614 0.029299075462037614
0.025125628140703515 0.03597424870594155
0.035175879396984966 0.039197979364537346
0.045226130653266416 0.044146083552311866
0.055276381909547645 0.04550449106291846
0.0653266331658291 0.04921007340901829
0.085427135678392 0.056376108221720386
0.09547738693467345 0.05952452445683266
0.11557788944723613 0.06583507498193757
0.12562814070351758 0.0702395273734559
0.13567839195979903 0.07173945006294022
0.14572864321608048 0.0765419520625974
0.15577889447236193 0.07953965358906033
0.16582914572864316 0.08124492956090268
0.1758793969849246 0.08720923412748864
0.1959798994974875 0.09367920886616725
0.20603015075376896 0.09727686249719521
0.22613065326633164 0.10910747449860832
0.2361809045226131 0.10915742979740793
0.24623115577889454 0.11552541717622271
0.2663316582914572 0.12358784610643227
0.2864321608040201 0.1310823946718661
0.31658291457286425 0.1468206393627148
0.3266331658291457 0.15332470412576163
0.33668341708542715 0.15732403734005967
0.3467336683417086 0.1650701706640881
0.35678391959799005 0.16897299614158034
0.3668341708542713 0.17424184071075471
0.37688442211055273 0.17968617216996258
0.39698492462311563 0.19327679718170404
0.4070351758793971 0.20189912289214007
0.4170854271356783 0.20719483121569338
0.42713567839195976 0.21417943486802948
0.4371859296482412 0.21986238578033557
0.44723618090452266 0.2286271634504841
0.4572864321608041 0.2362648579221496
0.4773869346733668 0.25074910387742033
0.48743718592964824 0.2574207658763775
0.4974874371859297 0.2654917146381205
0.5175879396984926 0.283846425318865
0.5276381909547738 0.2904433873713635
0.5376884422110553 0.3004352225074304
0.5477386934673367 0.31003840639188646
0.5577889447236182 0.3170998635595455
0.5778894472361809 0.3366909188606672
0.5879396984924623 0.34853828449976093
0.5979899497487438 0.3592429201799645
0.6180904522613067 0.3773592031519436
0.6281407035175879 0.38885650910361197
0.6381909547738693 0.39793295528737715
0.6582914572864322 0.4215885083680783
0.6683417085427137 0.43481821948262395
0.6783919597989949 0.4459494171791348
0.6984924623115578 0.47062450592930877
0.7085427135678393 0.4841124368544005
0.728643216080402 0.5109120462184765
0.7487437185929648 0.5343660264112149
0.7587939698492463 0.5474330070673926
0.7688442211055277 0.5634650505330215
0.778894472361809 0.5794411057030886
0.7889447236180904 0.5912009507473576
0.8090452261306533 0.6225613897969615
0.8190954773869348 0.637426202421879
0.829145728643216 0.6534530728147866
0.8391959798994975 0.667163957098099
0.8492462311557789 0.6850253990413656
0.8592964824120604 0.700184030775676
0.8693467336683418 0.7162785500807162
0.8894472361809045 0.7512760346181104
0.9095477386934674 0.7879546453443349
0.9195979899497488 0.8053037933765002
0.9296482412060301 0.8202893992489766
0.949748743718593 0.8586906769458029
