-1.0 0.4528748968601192
-0.9899497487437185 0.44176481283860775
-0.9698492462311558 0.4178185228309441
-0.9597989949748744 0.40503054404022654
-0.949748743718593 0.3917350786970207
-0.9396984924623115 0.3779460298923928
-0.9195979899497487 0.34898692164749107
-0.8994974874371859 0.31833674980470306
-0.8894472361809045 0.30242800605574205
-0.8793969849246231 0.28615930353122243
-0.8492462311557789 0.23540001904401933
-0.8391959798994975 0.21789644457396407
-0.8190954773869347 0.1821248291783251
-0.8090452261306533 0.16389562394792867
-0.7989949748743719 0.14546291513961454
-0.7889447236180904 0.1268431835814775
-0.778894472361809 0.10805790733846904
-0.7587939698492463 0.07005040281379475
-0.7487437185929648 0.050863819818010476
-0.7386934673366834 0.03157796023408324
-0.728643216080402 0.012211801250131946
-0.6984924623115578 -0.04623430202909857
-0.6884422110552764 -0.06577776838756637
-0.6783919597989949 -0.08532455206393859
-0.6482412060301508 -0.14386412235210277
-0.6381909547738693 -0.16329228399468557
-0.6281407035175879 -0.18265860598292924
-0.6180904522613065 -0.20194855707054862
-0.6080402010050251 -0.2211452498159323
-0.5879396984924623 -0.25922418551212645
-0.5778894472361809 -0.27807932696868654
-0.5678391959798995 -0.29679596675018644
-0.5577889447236181 -0.3153666389897674
-0.5477386934673367 -0.333774956272972
-0.5376884422110553 -0.3520128615386218
-0.5276381909547738 -0.3700669911946071
-0.5175879396984925 -0.3879337302803905
-0.4974874371859297 -0.4230517395116776
-0.4773869346733668 -0.4572946944325594
-0.457286432160804 -0.4905877784850594
-0.44723618090452255 -0.5068584936989183
-0.4371859296482412 -0.5228674767562796
-0.42713567839195976 -0.5386120251657323
-0.4170854271356784 -0.5540760282363408
-0.3969849246231155 -0.5841583224707566
-0.3869346733668342 -0.5987596574138672
-0.3668341708542714 -0.6270563935556633
-0.35678391959798994 -0.6407408550255103
-0.3467336683417085 -0.6541083873941054
-0.33668341708542715 -0.6671541795603306
-0.3266331658291457 -0.6798757397570647
-0.3065326633165829 -0.7043290533127667
-0.29648241206030146 -0.7160502405529378
-0.27638190954773867 -0.7384728611983883
-0.26633165829145733 -0.7491718400094349
-0.2562814070351759 -0.7595173650675534
-0.24623115577889443 -0.7695187436037438
-0.2361809045226131 -0.7791654129544282
-0.22613065326633164 -0.7884615751958184
-0.2160804020100502 -0.7974034832226955
-0.20603015075376885 -0.8059910749122221
-0.1959798994974874 -0.8142270105902221
-0.18592964824120606 -0.8221054068873614
-0.16582914572864316 -0.8368014581272337
-0.14572864321608037 -0.8500817760626804
-0.13567839195979903 -0.85619559905248
-0.11557788944723613 -0.8673749957813339
-0.10552763819095479 -0.8724481087509014
-0.07537688442211055 -0.8856197748059336
-0.0653266331658291 -0.889341798545542
-0.055276381909547756 -0.89273106350903
-0.045226130653266305 -0.8957953800267437
-0.035175879396984966 -0.8985380010076078
-0.025125628140703515 -0.9009684417743613
-0.005025125628140725 -0.9048940480062309
0.015075376884422065 -0.9076186898502104
0.025125628140703515 -0.90854276147743
0.045226130653266416 -0.9095569844029298
0.0653266331658291 -0.9094952569230338
0.07537688442211055 -0.9090839762436619
0.085427135678392 -0.908424580994446
0.09547738693467345 -0.907527054714607
0.1055276381909549 -0.9064016640570022
0.11557788944723613 -0.905057594718245
0.13567839195979903 -0.9017437724687981
0.14572864321608048 -0.8997964186232498
0.1758793969849246 -0.892905047166706
0.20603015075376896 -0.8846703598223079
0.2361809045226131 -0.875405912763989
0.24623115577889454 -0.8721481204993548
0.27638190954773867 -0.8620353684730345
0.2864321608040201 -0.8585975434135484
0.306532663316583 -0.8517139352436689
0.31658291457286425 -0.8482924409290084
0.3266331658291457 -0.8449093371807211
0.3467336683417086 -0.8383088624777508
0.35678391959799005 -0.8351267176789614
0.3668341708542713 -0.8320398247273383
0.37688442211055273 -0.8290711078236397
0.3869346733668342 -0.8262342938649925
0.39698492462311563 -0.8235454762181775
0.4070351758793971 -0.821028172714397
0.4170854271356783 -0.8186947774548838
0.42713567839195976 -0.8165637099858348
0.4371859296482412 -0.8146556221636705
0.4572864321608041 -0.8115772858849805
0.4773869346733668 -0.8096188447425775
0.48743718592964824 -0.8091059213717252
0.5075376884422111 -0.8091206940154116
0.5175879396984926 -0.8096876056626382
0.5276381909547738 -0.810655236134612
0.5376884422110553 -0.8120459286326458
0.5477386934673367 -0.8138830848163935
0.5577889447236182 -0.8161837585373845
0.5678391959798996 -0.8189787837230416
0.5778894472361809 -0.8222814515847049
0.5879396984924623 -0.8261219226442191
0.5979899497487438 -0.8305145458054715
0.6080402010050252 -0.8354943337666186
0.6381909547738693 -0.8541557639997016
0.6482412060301508 -0.8617036674373064
0.6683417085427137 -0.8789320137623707
0.6783919597989949 -0.8886623618079585
0.6884422110552764 -0.8991768668131581
0.7085427135678393 -0.9226541548617453
0.7185929648241207 -0.9356699120693528
0.728643216080402 -0.949573064065148
0.7386934673366834 -0.9643922344318924
0.7487437185929648 -0.9801521784080706
0.7587939698492463 -0.9968827255427082
0.778894472361809 -1.0333731354341162
0.7889447236180904 -1.0531886036091322
0.7989949748743719 -1.0740922430714748
0.8090452261306533 -1.0961092895159508
0.8190954773869348 -1.119272722274013
0.829145728643216 -1.1436102277196312
0.8391959798994975 -1.169155278231908
0.8894472361809045 -1.3160590239446655
0.9296482412060301 -1.4585114334398543
0.9396984924623115 -1.4978590098255515
0.949748743718593 -1.5387695551902905
0.9698492462311559 -1.625406841142992
