-1.0 -0.15589176259061444
-0.9899497487437185 -0.15330593206678222
-0.9798994974874372 -0.15111976689622253
-0.9698492462311558 -0.14931642653134547
-0.949748743718593 -0.1467920734311624
-0.9396984924623115 -0.1460385950035592
-0.9296482412060302 -0.14560300999704345
-0.9195979899497487 -0.14546969326690817
-0.9095477386934674 -0.14562326274902215
-0.8994974874371859 -0.14604857945983074
-0.8894472361809045 -0.14673074749635595
-0.8793969849246231 -0.1476551140361958
-0.8693467336683417 -0.14880726933752542
-0.8592964824120604 -0.1501730467390961
-0.8391959798994975 -0.15349001660084738
-0.8291457286432161 -0.15541409114141302
-0.8190954773869347 -0.15749755194298953
-0.7889447236180904 -0.16457595473300102
-0.7587939698492463 -0.17263717340550683
-0.7487437185929648 -0.1754873153121812
-0.7386934673366834 -0.17840003966907625
-0.728643216080402 -0.18136433986243738
-0.7185929648241206 -0.1843694523590863
-0.7085427135678393 -0.18740485670642126
-0.6984924623115578 -0.1904602755324171
-0.6884422110552764 -0.19352567454562508
-0.6683417085427136 -0.1996474913707646
-0.6582914572864322 -0.2026850560026808
-0.6482412060301508 -0.20569489446177877
-0.6381909547738693 -0.2086681878594918
-0.6180904522613065 -0.21447107931938036
-0.6080402010050251 -0.21728425500730525
-0.5979899497487438 -0.22002804088534425
-0.5879396984924623 -0.22269483346781332
-0.5678391959798995 -0.22776824020618747
-0.5577889447236181 -0.23016086279360673
-0.5477386934673367 -0.23244850894848434
-0.5376884422110553 -0.23462479058801844
-0.5276381909547738 -0.2366835627099839
-0.507537688442211 -0.24042521379518972
-0.46733668341708545 -0.24625500360085179
-0.44723618090452255 -0.24826621337643245
-0.4371859296482412 -0.24903098303525828
-0.42713567839195976 -0.24963016258596835
-0.4170854271356784 -0.25006028091267823
-0.40703517587939697 -0.25031810998008036
-0.3969849246231155 -0.25040066483344353
-0.3869346733668342 -0.2503052035986131
-0.37688442211055273 -0.25002922748201056
-0.3467336683417085 -0.24809686811443546
-0.33668341708542715 -0.24707870614649166
-0.31658291457286436 -0.2444732539774355
-0.3065326633165829 -0.24288412623666075
-0.2864321608040201 -0.23913029669778502
-0.2562814070351759 -0.23205959742895227
-0.24623115577889443 -0.22932013929598377
-0.2361809045226131 -0.2263907066316766
-0.2160804020100502 -0.21996675044989739
-0.20603015075376885 -0.21647525100429238
-0.1959798994974874 -0.2127998251710823
-0.18592964824120606 -0.20894259268764198
-0.1758793969849246 -0.20490591637192232
-0.15577889447236182 -0.196304898918332
-0.13567839195979903 -0.18702053696544926
-0.12562814070351758 -0.18213059157777592
-0.11557788944723613 -0.1770804839576356
-0.07537688442211055 -0.155363365000779
-0.055276381909547756 -0.14366105238657648
-0.045226130653266305 -0.13761722434706758
-0.035175879396984966 -0.13145255538712375
-0.025125628140703515 -0.12517305453334293
-0.015075376884422065 -0.11878497389289978
0.005025125628140614 -0.10570929708360713
0.015075376884422065 -0.09903542053198895
0.025125628140703515 -0.09228040342817138
0.035175879396984966 -0.08545171328221127
0.055276381909547645 -0.07160439930697363
0.0653266331658291 -0.06460192590069208
0.09547738693467345 -0.04338124723727958
0.1055276381909549 -0.036266354846338465
0.11557788944723613 -0.029146280394463077
0.12562814070351758 -0.02203067911689821
0.13567839195979903 -0.0149294493294656
0.16582914572864316 0.0061853817251757495
0.1758793969849246 0.013125280782334176
0.18592964824120606 0.019997670561605434
0.1959798994974875 0.026791194263709125
0.2160804020100502 0.04009500083640974
0.2361809045226131 0.052940984494663876
0.24623115577889454 0.0591613180015475
0.2663316582914572 0.0711325919571318
0.27638190954773867 0.07685717259862483
0.306532663316583 0.09282342564255443
0.31658291457286425 0.09769624474494257
0.3266331658291457 0.10232043904705965
0.3467336683417086 0.11076367046050001
0.35678391959799005 0.11455245847539203
0.3668341708542713 0.11803212349715017
0.37688442211055273 0.12118693327611786
0.39698492462311563 0.12645784270417204
0.4070351758793971 0.12854126245106257
0.4170854271356783 0.13023446715077053
0.42713567839195976 0.1315205091507569
0.4371859296482412 0.13238219771790605
0.44723618090452266 0.1328020990385259
0.4572864321608041 0.1327625362183479
0.4773869346733668 0.1312330951756417
0.4974874371859297 0.12764759782410973
0.5075376884422111 0.1250370530657377
0.5276381909547738 0.11808469449514494
0.5376884422110553 0.11370388068573993
0.5577889447236182 0.10303366092142911
0.5778894472361809 0.08968338489334672
0.5879396984924623 0.08195158920206526
0.5979899497487438 0.07348732938969724
0.6080402010050252 0.06426928235332688
0.6281407035175879 0.043485318794035
0.6482412060301508 0.01942425208933521
0.6683417085427137 -0.008093253484849655
0.6783919597989949 -0.023205276739294595
0.6884422110552764 -0.03925042294181991
0.6984924623115578 -0.05625220292052854
0.7185929648241207 -0.09322092292179351
0.728643216080402 -0.11323610000343931
0.7386934673366834 -0.13430438497944885
0.7587939698492463 -0.1796994266190785
0.778894472361809 -0.22960677465548796
0.7889447236180904 -0.256316354179635
0.7989949748743719 -0.2842310451927087
0.8090452261306533 -0.3133770324091544
0.8190954773869348 -0.34378074362399336
0.829145728643216 -0.37546884971282285
0.8391959798994975 -0.40846826463181823
0.8492462311557789 -0.4428061454177299
0.8592964824120604 -0.4785098921878851
0.8693467336683418 -0.5156071481401878
0.879396984924623 -0.5541257995531171
0.8894472361809045 -0.5940939757857312
0.8994974874371859 -0.6355400492776624
0.9095477386934674 -0.6784926355491208
0.9195979899497488 -0.7229805932008918
0.9296482412060301 -0.7690330239143375
0.9396984924623115 -0.8166792724513985
0.949748743718593 -0.8659489266545896
0.9597989949748744 -0.9168718174470023
0.9698492462311559 -0.9694780188323057
0.9798994974874373 -1.0237978478947443
0.9899497487437185 -1.0798618647991376
1.0 -1.1377008727908868
