-1.0 0.9676955052158458
-0.9899497487437185 0.9527111199603238
-0.9698492462311558 0.9230708885490826
-0.9597989949748744 0.9084150423933632
-0.949748743718593 0.8938687092709113
-0.9296482412060302 0.8651045821258102
-0.9095477386934674 0.836778507113779
-0.8994974874371859 0.8227797391576648
-0.8693467336683417 0.781440513488927
-0.8592964824120604 0.7678797976658828
-0.8492462311557789 0.754428594876106
-0.8391959798994975 0.7410869051195967
-0.8291457286432161 0.7278547283963552
-0.8190954773869347 0.714732064706381
-0.8090452261306533 0.7017189140496745
-0.7989949748743719 0.6888152764262352
-0.778894472361809 0.6633365402791593
-0.7688442211055276 0.650761441755523
-0.7386934673366834 0.6136932243842181
-0.7185929648241206 0.5895286446363526
-0.6984924623115578 0.5658021170215572
-0.6683417085427136 0.5310336733488703
-0.6582914572864322 0.5196632181911766
-0.6482412060301508 0.50840227606675
-0.6281407035175879 0.4862089309176997
-0.6180904522613065 0.47527652789307595
-0.6080402010050251 0.46445363790171956
-0.5778894472361809 0.43264204612725554
-0.5678391959798995 0.4222572082689694
-0.5577889447236181 0.4119818834439506
-0.5477386934673367 0.40181607165219935
-0.5376884422110553 0.3917597728937156
-0.4974874371859297 0.35262970819245587
-0.48743718592964824 0.34312097460030966
-0.4773869346733668 0.333721754041431
-0.46733668341708545 0.3244320465158199
-0.457286432160804 0.3152518520234763
-0.4371859296482412 0.2972200021385916
-0.4170854271356784 0.27962620438677704
-0.3969849246231155 0.26247045876803243
-0.3668341708542714 0.23755818808942203
-0.35678391959798994 0.22947312392975355
-0.3467336683417085 0.22149757280335255
-0.33668341708542715 0.21363153471021917
-0.3266331658291457 0.2058750096503532
-0.31658291457286436 0.19822799762375487
-0.29648241206030146 0.18326251267036056
-0.2864321608040201 0.17594403974356473
-0.26633165829145733 0.1616356329897756
-0.2562814070351759 0.15464569916278226
-0.2361809045226131 0.14099437060859824
-0.2160804020100502 0.12778109418748415
-0.20603015075376885 0.12133872552682848
-0.1959798994974874 0.11500586989944024
-0.18592964824120606 0.10878252730531958
-0.1758793969849246 0.10266869774446638
-0.16582914572864316 0.09666438121688069
-0.14572864321608037 0.08498428726151191
-0.13567839195979903 0.07930850983372884
-0.11557788944723613 0.06828549407796508
-0.09547738693467334 0.057700530455271466
-0.085427135678392 0.052572318193825955
-0.07537688442211055 0.04755361896564791
-0.055276381909547756 0.03784475960909441
-0.045226130653266305 0.03315459948071891
-0.035175879396984966 0.02857395238561097
-0.025125628140703515 0.024102818323770498
-0.015075376884422065 0.019741197295197542
-0.005025125628140725 0.01548908929989215
0.005025125628140614 0.011346494337854271
0.015075376884422065 0.0073134124090838614
0.025125628140703515 0.003389843513580969
0.035175879396984966 -0.00042421234865440763
0.045226130653266416 -0.004128755177622268
0.0653266331658291 -0.011209301735755366
0.07537688442211055 -0.01458530546492068
0.14572864321608048 -0.035150966637587364
0.16582914572864316 -0.04004125253037018
0.18592964824120606 -0.04449348629008297
0.1959798994974875 -0.046555333620038095
0.20603015075376896 -0.0485076679167257
0.2160804020100502 -0.050350489180145744
0.22613065326633164 -0.05208379741029834
0.24623115577889454 -0.05522187477080093
0.256281407035176 -0.05662664390115096
0.2663316582914572 -0.057921899998233446
0.2864321608040201 -0.06018387309259592
0.29648241206030157 -0.061150590089875896
0.306532663316583 -0.06200779405388834
0.3266331658291457 -0.06339366288211068
0.33668341708542715 -0.06392232774632056
0.3467336683417086 -0.06434147957726295
0.35678391959799005 -0.06465111837493781
0.3668341708542713 -0.06485124413934518
0.3869346733668342 -0.06492295656835732
0.39698492462311563 -0.06479454323296213
0.4070351758793971 -0.06455661686429945
0.42713567839195976 -0.0637522250271715
0.4371859296482412 -0.06318575955870624
0.4572864321608041 -0.061724289521973175
0.4773869346733668 -0.05982476735217007
0.48743718592964824 -0.058710736717367235
0.4974874371859297 -0.05748719304929689
0.5075376884422111 -0.056154136347959016
0.5175879396984926 -0.054711566613353635
0.5276381909547738 -0.05315948384548075
0.5477386934673367 -0.04972677920993243
0.5577889447236182 -0.04784615734225697
0.5678391959798996 -0.04585602244131404
0.5778894472361809 -0.043756374507103596
0.5879396984924623 -0.04154721353962562
0.5979899497487438 -0.039228539538880114
0.6080402010050252 -0.036800352504867045
0.6180904522613067 -0.034262652437586555
0.6281407035175879 -0.03161543933703856
0.6381909547738693 -0.02885871320322292
0.6482412060301508 -0.025992474036139884
0.6582914572864322 -0.023016721835789317
0.6683417085427137 -0.019931456602171133
0.6783919597989949 -0.016736678335285582
0.6884422110552764 -0.013432387035132443
0.6984924623115578 -0.010018582701711798
0.7085427135678393 -0.006495265335023648
0.728643216080402 0.0008799084981552241
0.7487437185929648 0.008693134464404229
0.7587939698492463 0.012764016997429961
0.7688442211055277 0.01694441256372331
0.778894472361809 0.021234321163283942
0.7989949748743719 0.03014267746220811
0.8190954773869348 0.03948908589420225
0.8391959798994975 0.04927354645926646
0.8492462311557789 0.054330046291699796
0.8592964824120604 0.05949605915740075
0.879396984924623 0.070156623988605
0.8894472361809045 0.07565117595410847
0.8994974874371859 0.08125524095287945
0.9095477386934674 0.08696881898491798
0.9195979899497488 0.09279191005022397
0.9296482412060301 0.0987245141487974
0.9396984924623115 0.1047666312806384
0.949748743718593 0.11091826144574701
0.9597989949748744 0.11717940464412308
0.9798994974874373 0.13003023014067772
0.9899497487437185 0.13661991243885624
1.0 0.14331910777030238
