-1.0 -4.533742843217047
-0.9899497487437185 -3.3708959485929633
-0.9798994974874372 -3.609746672457133
-0.9698492462311558 -2.961140134892428
-0.9296482412060302 -2.64246355678657
-0.9195979899497487 -4.073960420355784
-0.9095477386934674 -5.81100850801395
-0.8994974874371859 -3.232519790359752
-0.8894472361809045 -3.699420383755987
-0.8793969849246231 -3.417957064211284
-0.8693467336683417 -2.145151864815144
-0.8592964824120604 -4.509774773564472
-0.8492462311557789 -3.748574777157053
-0.8391959798994975 -3.340012744835288
-0.8291457286432161 -3.052716675632674
-0.8190954773869347 -4.267157962753777
-0.7989949748743719 -2.694257063403214
-0.7889447236180904 -2.4091547643029454
-0.7487437185929648 -2.674189258126508
-0.7386934673366834 -3.9024354692521186
-0.728643216080402 -2.17401479539361
-0.7185929648241206 -2.7009185214722957
-0.6984924623115578 -3.002739558318269
-0.6884422110552764 -4.401582179638705
-0.6783919597989949 -1.5757993540803528
-0.6683417085427136 -2.367236893794235
-0.6482412060301508 -4.210239480992323
-0.6381909547738693 -4.6837149204434265
-0.6281407035175879 -2.5243140598116445
-0.6080402010050251 -4.510571066291762
-0.5979899497487438 -5.371611645723405
-0.5879396984924623 -1.111238052452934
-0.5778894472361809 -2.287702647658417
-0.5678391959798995 -4.7057388310684605
-0.5376884422110553 -3.010384055227823
-0.5276381909547738 -1.9592945873928522
-0.5175879396984925 -1.0646749174884214
-0.4773869346733668 -4.3454290971523655
-0.46733668341708545 -3.668833850671634
-0.457286432160804 -3.740693616192117
-0.44723618090452255 -3.452852932600315
-0.4371859296482412 -1.6682775005881525
-0.42713567839195976 -3.5491695348256567
-0.4170854271356784 -3.408154179560142
-0.3869346733668342 -4.439097867677317
-0.37688442211055273 -3.472543775908251
-0.35678391959798994 -2.4199771375497865
-0.3467336683417085 -4.149102367487285
-0.33668341708542715 -4.313177118662316
-0.3266331658291457 -2.2831772123124434
-0.31658291457286436 -3.829954700965643
-0.3065326633165829 -2.738384273134895
-0.2864321608040201 -3.668451200226272
-0.27638190954773867 -2.0200202982426174
-0.26633165829145733 -3.854143428727988
-0.24623115577889443 -3.4210254478669535
-0.2361809045226131 -2.776784708774574
-0.22613065326633164 -2.8401385087349706
-0.2160804020100502 -2.0907325592071966
-0.1959798994974874 -1.5761296961671099
-0.1758793969849246 -1.4142180911543543
-0.15577889447236182 -2.132342209046924
-0.14572864321608037 -2.9124962790531512
-0.13567839195979903 -3.3264911320179555
-0.12562814070351758 -1.0331087757806163
-0.11557788944723613 -2.3607741286384276
-0.10552763819095479 -2.063566156224212
-0.09547738693467334 -3.5659476343561196
-0.085427135678392 -3.367863594173839
-0.07537688442211055 -3.269435953744203
-0.0653266331658291 -3.1766148695305008
-0.055276381909547756 -2.566479530293702
-0.045226130653266305 -2.727880132199838
-0.035175879396984966 -1.889663782568789
-0.015075376884422065 -3.307930854196982
-0.005025125628140725 -1.4561665461490882
0.015075376884422065 -3.735473604291054
0.035175879396984966 -2.306746128411792
0.045226130653266416 -2.2143556611941704
0.055276381909547645 -1.3069894307861776
0.0653266331658291 -2.490965719051004
0.07537688442211055 -2.365682907447535
0.085427135678392 -4.284698458563183
0.09547738693467345 -2.2141516526053557
0.1055276381909549 -1.7418265168761065
0.12562814070351758 -2.514491676663844
0.13567839195979903 -0.5937958092432689
0.15577889447236193 -2.667387563804235
0.16582914572864316 -2.671526663199207
0.1758793969849246 -1.5975296013967757
0.1959798994974875 -2.626790607091479
0.2160804020100502 -2.8215909199802947
0.27638190954773867 -1.4022687265787486
0.2864321608040201 -2.8684056635195576
0.29648241206030157 -3.2827182313722583
0.306532663316583 -1.803727883900627
0.31658291457286425 -2.5061609071160555
0.3266331658291457 -2.023572193963391
0.33668341708542715 -1.622072753691219
0.3467336683417086 -0.8128351959462788
0.35678391959799005 -1.8465827857661283
0.3668341708542713 -0.7743039861277724
0.37688442211055273 -1.9737988587310886
0.39698492462311563 -1.643435498122224
0.4371859296482412 -3.7566615308302813
0.4572864321608041 -1.8198137402929968
0.46733668341708534 -2.6249588859926885
0.48743718592964824 -1.522666504881609
0.5075376884422111 -1.7438145872029631
0.5175879396984926 -1.451877814750492
0.5376884422110553 -0.1550437506433877
0.5477386934673367 0.05130962671738626
0.5577889447236182 -1.1121042518135567
0.5678391959798996 -0.8806061794347912
0.5778894472361809 -3.2315325318997266
0.5879396984924623 -2.5326175133303788
0.5979899497487438 -1.6080443934724866
0.6080402010050252 -2.7289666468292024
0.6180904522613067 -2.3380296613286395
0.6281407035175879 -1.2720166065426008
0.6482412060301508 -0.2006207949955977
0.6582914572864322 -1.157214312298378
0.6683417085427137 -0.3042251448570775
0.6884422110552764 -1.8335291257457877
0.6984924623115578 -1.6578727962937925
0.7085427135678393 -1.5952336785882244
0.7185929648241207 -0.9055343913447882
0.728643216080402 -0.11439627568533961
0.7386934673366834 0.19638005987261598
0.7587939698492463 -1.0359028035087416
0.7688442211055277 -0.65684299863751
0.778894472361809 -0.21289210467097242
0.7889447236180904 -2.1820541004414693
0.7989949748743719 -0.21000960156582382
0.8090452261306533 2.0308389467183017
0.8190954773869348 -0.40489380920067813
0.829145728643216 -0.7354551303841721
0.8391959798994975 -0.7201268170589955
0.8492462311557789 1.098223151326451
0.879396984924623 0.6895404029697839
0.8894472361809045 -1.8243267237945027
0.8994974874371859 -0.6569084514944378
0.9095477386934674 0.6613373771560955
0.9296482412060301 -1.3826734943123955
0.9597989949748744 0.5572167522021753
0.9899497487437185 0.31150386032214383
