-1.0 1.5157255915408656
-0.9899497487437185 1.3667128749841024
-0.9798994974874372 1.2262465954211008
-0.9698492462311558 1.0934844159103263
-0.9597989949748744 0.9692135539209523
-0.949748743718593 0.854669957297798
-0.9396984924623115 0.7443172761025904
-0.9195979899497487 0.5447645919005234
-0.8994974874371859 0.36738011551878463
-0.8894472361809045 0.287780554592624
-0.8793969849246231 0.212995090590888
-0.8693467336683417 0.14230034443350573
-0.8592964824120604 0.07490279990346696
-0.8492462311557789 0.012765052270702175
-0.8291457286432161 -0.10494709163116249
-0.8190954773869347 -0.1575896052502616
-0.8090452261306533 -0.20602380418129404
-0.7989949748743719 -0.251954147158332
-0.7889447236180904 -0.2983709630489303
-0.778894472361809 -0.3390943546262366
-0.7688442211055276 -0.3768119178252618
-0.7487437185929648 -0.45271332731515684
-0.7185929648241206 -0.5454790895782455
-0.7085427135678393 -0.5759306168988089
-0.6984924623115578 -0.6010246444521968
-0.6884422110552764 -0.6274750003855268
-0.6783919597989949 -0.6535945573676973
-0.6683417085427136 -0.6759000329752084
-0.6482412060301508 -0.7194001339284736
-0.6381909547738693 -0.7385084622743693
-0.6281407035175879 -0.7575865223143429
-0.6180904522613065 -0.7758396899664474
-0.5979899497487438 -0.8108300773373589
-0.5778894472361809 -0.8390679413100322
-0.5678391959798995 -0.8545676719810978
-0.5376884422110553 -0.8962387869036452
-0.5276381909547738 -0.906720722209595
-0.507537688442211 -0.9297967437994363
-0.4974874371859297 -0.9378215949555012
-0.48743718592964824 -0.9486591618185698
-0.4773869346733668 -0.9586768387885652
-0.457286432160804 -0.9752192720540273
-0.44723618090452255 -0.9842447266608199
-0.4371859296482412 -0.9908877273558324
-0.4170854271356784 -1.007561190613723
-0.40703517587939697 -1.0157853691800274
-0.3969849246231155 -1.0210990771944692
-0.3869346733668342 -1.0256049400663112
-0.3668341708542714 -1.0376001850714063
-0.3467336683417085 -1.0496201145447164
-0.29648241206030146 -1.0694105530047293
-0.2864321608040201 -1.0709621386242663
-0.27638190954773867 -1.0750508701585548
-0.26633165829145733 -1.080944384784855
-0.2562814070351759 -1.0824456897604395
-0.2361809045226131 -1.0872768814477072
-0.22613065326633164 -1.0892296654152565
-0.2160804020100502 -1.0910950662258876
-0.1959798994974874 -1.0928921840610142
-0.1758793969849246 -1.0950799674101797
-0.16582914572864316 -1.0979040080136733
-0.15577889447236182 -1.098059838719457
-0.14572864321608037 -1.1006881566008944
-0.13567839195979903 -1.1003828144735908
-0.12562814070351758 -1.1009430588564182
-0.11557788944723613 -1.099955171523781
-0.10552763819095479 -1.0998741426773484
-0.09547738693467334 -1.102544363326839
-0.085427135678392 -1.0999854532418067
-0.07537688442211055 -1.1012259220215215
-0.0653266331658291 -1.100291973506708
-0.055276381909547756 -1.1005897066616221
-0.035175879396984966 -1.0969105963808288
-0.025125628140703515 -1.0958363477949
-0.015075376884422065 -1.0944386486784066
-0.005025125628140725 -1.094709022817003
0.045226130653266416 -1.0882424956806844
0.055276381909547645 -1.0846332156585388
0.07537688442211055 -1.0803744941855955
0.085427135678392 -1.079204854933683
0.1055276381909549 -1.0748469671878886
0.11557788944723613 -1.0691504431083179
0.12562814070351758 -1.0690598137151643
0.13567839195979903 -1.0672757828995103
0.14572864321608048 -1.064375999675067
0.16582914572864316 -1.0563804252467632
0.1758793969849246 -1.0563364159320883
0.18592964824120606 -1.0531481207269577
0.1959798994974875 -1.0515803291349972
0.20603015075376896 -1.04675421755771
0.2160804020100502 -1.0447545541985732
0.22613065326633164 -1.0432513227097642
0.2361809045226131 -1.041107335363597
0.24623115577889454 -1.0388826097979176
0.2663316582914572 -1.033510228098877
0.2864321608040201 -1.0282537408715164
0.29648241206030157 -1.0248291094556858
0.306532663316583 -1.0243149394079183
0.31658291457286425 -1.0199924223110015
0.3266331658291457 -1.02172697080908
0.33668341708542715 -1.0191032515368657
0.3467336683417086 -1.0161386492145583
0.35678391959799005 -1.015561539646347
0.3668341708542713 -1.0123060958424686
0.37688442211055273 -1.0114401921795728
0.3869346733668342 -1.0128038280298615
0.39698492462311563 -1.0089550735293766
0.4070351758793971 -1.0092811784482358
0.4371859296482412 -1.010022028433412
0.44723618090452266 -1.0111391449046176
0.4572864321608041 -1.0132141585989414
0.46733668341708534 -1.012559091310104
0.48743718592964824 -1.0192900092994974
0.4974874371859297 -1.020558598362764
0.5075376884422111 -1.0241704804089244
0.5175879396984926 -1.0280142000756316
0.5276381909547738 -1.0334424153815596
0.5376884422110553 -1.0397406724637974
0.5477386934673367 -1.0424031873028445
0.5577889447236182 -1.052678490788477
0.5678391959798996 -1.0611005241830818
0.5778894472361809 -1.0688960531002576
0.5979899497487438 -1.0886457780184466
0.6080402010050252 -1.1004174599443675
0.6180904522613067 -1.1123173098487018
0.6381909547738693 -1.1424926752192124
0.6582914572864322 -1.1764333436532974
0.6783919597989949 -1.2148587793095842
0.6884422110552764 -1.2388103381124915
0.6984924623115578 -1.2613690412519307
0.7085427135678393 -1.2891614745054147
0.7185929648241207 -1.316294458140244
0.728643216080402 -1.3456456929970453
0.7386934673366834 -1.3778705664079463
0.7487437185929648 -1.412169126778923
0.778894472361809 -1.5303206467921675
0.7989949748743719 -1.6197652102960585
0.8090452261306533 -1.6717416572806492
0.829145728643216 -1.782410835187242
0.8391959798994975 -1.8428611261918713
0.8492462311557789 -1.9054231542022106
0.8592964824120604 -1.9722652433912713
0.8894472361809045 -2.1990534214435913
0.9195979899497488 -2.4699750122787596
0.9296482412060301 -2.5688265364171565
0.949748743718593 -2.78419857710163
0.9597989949748744 -2.900668282301304
0.9698492462311559 -3.0245346629128558
0.9798994974874373 -3.152700341317521
0.9899497487437185 -3.2886837960920134
1.0 -3.4310572041680385
