-1.0 -2.876721030987137
-0.9899497487437185 -2.5324285893563614
-0.9798994974874372 -3.539890947759006
-0.9597989949748744 -1.6246241300121218
-0.949748743718593 -2.5424415220815133
-0.9195979899497487 -2.438055884871497
-0.9095477386934674 -2.4260673967734294
-0.8994974874371859 -1.1289597618022351
-0.8894472361809045 -2.399762630486827
-0.8793969849246231 -0.8943129233336311
-0.8693467336683417 -1.5714439020793192
-0.8592964824120604 -1.6107077993674093
-0.8391959798994975 -1.7798282198345259
-0.8090452261306533 -2.937715818444496
-0.7688442211055276 -2.1258031152468155
-0.7487437185929648 -0.07017000179205968
-0.728643216080402 -3.1191901817808683
-0.7185929648241206 -1.7531820856173108
-0.6884422110552764 -2.0103178482338913
-0.6482412060301508 -1.5071831131880575
-0.6381909547738693 -1.5295859749338818
-0.6080402010050251 -2.2437909282645414
-0.5979899497487438 -0.5040849635840147
-0.5778894472361809 -1.4803902677158192
-0.5477386934673367 -2.8959132950934228
-0.5376884422110553 0.5302097950277695
-0.5276381909547738 -1.8081136652916314
-0.5175879396984925 -2.929592742777243
-0.507537688442211 -0.9012408088657194
-0.4974874371859297 -1.9205668278033103
-0.4773869346733668 -3.7515346419283606
-0.46733668341708545 -1.6073757077774915
-0.4371859296482412 -1.6085611655183696
-0.42713567839195976 -1.4854315729002479
-0.3668341708542714 -1.166512942791959
-0.3467336683417085 -0.4162756138163053
-0.3266331658291457 -1.0255778578250194
-0.31658291457286436 -1.0743766227497753
-0.3065326633165829 -0.42452463337106094
-0.29648241206030146 -1.8799466169281023
-0.27638190954773867 -1.3443082971863327
-0.26633165829145733 -2.0141917205343254
-0.2562814070351759 -1.186966290583234
-0.24623115577889443 -1.8108633798706575
-0.2361809045226131 -0.58818099834718
-0.20603015075376885 -0.29071945645798236
-0.1959798994974874 -1.396587025307443
-0.18592964824120606 -0.08903588353878589
-0.16582914572864316 -1.703388688129413
-0.15577889447236182 -1.823309158761379
-0.14572864321608037 -1.5569553972924501
-0.12562814070351758 -0.8825205816820711
-0.11557788944723613 -1.124526286836079
-0.10552763819095479 -0.9568270127961289
-0.085427135678392 -2.1045085863804442
-0.07537688442211055 -0.028093520859206134
-0.0653266331658291 0.4978955836315164
-0.055276381909547756 -0.802126413131842
-0.035175879396984966 -0.22629761748018828
-0.025125628140703515 -0.07477086826793389
-0.015075376884422065 -0.3967729358831048
-0.005025125628140725 -1.5495448623439079
0.005025125628140614 0.8788055810627934
0.025125628140703515 0.18465625336580405
0.045226130653266416 -0.5114132121717049
0.055276381909547645 -0.8009019482836068
0.0653266331658291 -1.8048366960252153
0.07537688442211055 -1.2593414463125818
0.085427135678392 0.39134526470233566
0.1055276381909549 -0.40241267604771486
0.11557788944723613 -1.804052893779954
0.12562814070351758 -0.8349290985195147
0.13567839195979903 -0.7812772166201682
0.14572864321608048 -0.5055412943182401
0.16582914572864316 -0.856797396684339
0.1758793969849246 -0.8503254704973974
0.1959798994974875 -1.7876065050599772
0.20603015075376896 -0.8941422946995914
0.2160804020100502 -1.0124589611917432
0.22613065326633164 -1.2415961289034374
0.2361809045226131 -1.8667320001842187
0.24623115577889454 -2.7433391983096524
0.256281407035176 -0.7296565130485124
0.27638190954773867 0.2102732027634724
0.2864321608040201 -0.8334820203938276
0.29648241206030157 -1.7452195131683226
0.33668341708542715 -2.1073613629978265
0.3467336683417086 -0.6990946220704711
0.35678391959799005 -0.19919533302556247
0.3668341708542713 -0.8778579544590377
0.37688442211055273 1.0611283010750965
0.3869346733668342 -0.7570908441900213
0.4070351758793971 -2.227356900604739
0.4170854271356783 -2.678975618571962
0.4371859296482412 -0.46834454925660246
0.44723618090452266 1.6952706313611818
0.4572864321608041 0.2546393261888241
0.46733668341708534 -0.98196057631631
0.4773869346733668 -0.2911059366127792
0.48743718592964824 -1.2371612246480574
0.5376884422110553 -0.22100887941768407
0.5577889447236182 0.17381048231864515
0.5678391959798996 -1.9546857842821421
0.5778894472361809 -0.7362984086150044
0.5979899497487438 1.0681590416631546
0.6080402010050252 1.262717893511215
0.6180904522613067 -0.29345220591339366
0.6281407035175879 0.07503948292400317
0.6381909547738693 -1.0034238228654329
0.6582914572864322 -2.1591432503802297
0.6884422110552764 -0.31137561521664703
0.6984924623115578 0.267533908097833
0.7085427135678393 -1.6575100286417999
0.7185929648241207 -0.022085614290145376
0.728643216080402 1.673957289080667
0.7386934673366834 -1.6105648847661043
0.7487437185929648 -0.5011023518227633
0.7688442211055277 1.867513469510058
0.778894472361809 0.6569648462091774
0.7989949748743719 0.42029569245572507
0.8090452261306533 0.9063100912642277
0.8190954773869348 -0.22454616280081813
0.829145728643216 0.3083398123795501
0.8391959798994975 2.116753541606749
0.8492462311557789 -0.811531593893838
0.8693467336683418 2.989966317815989
0.879396984924623 1.839320276212265
0.8894472361809045 1.112786064578052
0.8994974874371859 1.1527849918631115
0.9095477386934674 1.198456018483674
0.9195979899497488 2.093660219208791
0.9296482412060301 0.7650191962047352
0.9396984924623115 1.078846043776656
0.9597989949748744 -0.14846970625230016
0.9698492462311559 1.3015021774259687
0.9798994974874373 1.7773327146570828
1.0 0.8240251059036279
