-1.0 -2.715153060430261
-0.9899497487437185 -2.672495163068545
-0.9698492462311558 -2.5874966438561247
-0.9597989949748744 -2.5452278804152786
-0.9396984924623115 -2.461308036831773
-0.8894472361809045 -2.2565280791428464
-0.8793969849246231 -2.2166293341596255
-0.8693467336683417 -2.177134494259906
-0.8592964824120604 -2.138060296380701
-0.8391959798994975 -2.0612431076038864
-0.8291457286432161 -2.0235280708569587
-0.7989949748743719 -1.9133053605044872
-0.7889447236180904 -1.8775741341868657
-0.7688442211055276 -1.807668471314743
-0.7587939698492463 -1.7735097465799796
-0.7487437185929648 -1.7398842819520475
-0.7386934673366834 -1.7067989718060048
-0.728643216080402 -1.674253654865583
-0.7185929648241206 -1.6422502874684441
-0.7085427135678393 -1.610790889456819
-0.6884422110552764 -1.5494976232690827
-0.6783919597989949 -1.5196611307188088
-0.6683417085427136 -1.490368462567788
-0.6582914572864322 -1.4616080836799308
-0.6482412060301508 -1.4333768332952903
-0.6381909547738693 -1.4056761342952182
-0.6281407035175879 -1.3784922278273262
-0.6180904522613065 -1.3518318690172244
-0.5879396984924623 -1.2748745445037335
-0.5778894472361809 -1.2502128621994342
-0.5678391959798995 -1.2260337501800278
-0.5577889447236181 -1.2023268994947622
-0.5477386934673367 -1.1790835031483407
-0.5376884422110553 -1.1562998145636763
-0.5276381909547738 -1.1339613723793993
-0.5175879396984925 -1.1120601619947896
-0.507537688442211 -1.0905892691373433
-0.4974874371859297 -1.0695358244864956
-0.48743718592964824 -1.0488942566648056
-0.46733668341708545 -1.0087944727865736
-0.457286432160804 -0.9893166617784763
-0.44723618090452255 -0.9702072497131846
-0.4371859296482412 -0.9514571628092768
-0.42713567839195976 -0.933055777243772
-0.4170854271356784 -0.9149895090420133
-0.3969849246231155 -0.8798323909015728
-0.37688442211055273 -0.8459030488962722
-0.3668341708542714 -0.8293737610642505
-0.35678391959798994 -0.8131219194233283
-0.33668341708542715 -0.7814147839932586
-0.31658291457286436 -0.750700731856648
-0.3065326633165829 -0.7356988287988834
-0.2864321608040201 -0.7063527225370514
-0.27638190954773867 -0.6919944249583796
-0.2562814070351759 -0.6638696604439351
-0.2361809045226131 -0.6364838933213851
-0.22613065326633164 -0.623054315471889
-0.2160804020100502 -0.6097883313144478
-0.20603015075376885 -0.5966860401798689
-0.1959798994974874 -0.5837389723885442
-0.15577889447236182 -0.5334221669828745
-0.14572864321608037 -0.5211920203599428
-0.12562814070351758 -0.49713327204858226
-0.085427135678392 -0.4505825445872395
-0.07537688442211055 -0.4392683111869169
-0.0653266331658291 -0.42808053703933613
-0.055276381909547756 -0.41703101246568625
-0.045226130653266305 -0.4061108495144589
-0.035175879396984966 -0.39532763150011807
-0.025125628140703515 -0.3846843445292192
0.005025125628140614 -0.35362511811882147
0.025125628140703515 -0.33369227901941134
0.035175879396984966 -0.3239754210410049
0.045226130653266416 -0.3144336812512736
0.055276381909547645 -0.3050717067754601
0.0653266331658291 -0.2959004592747488
0.07537688442211055 -0.28692897243664667
0.09547738693467345 -0.2696094143984464
0.11557788944723613 -0.2531936875583259
0.12562814070351758 -0.2453487149281268
0.13567839195979903 -0.2377643820537483
0.14572864321608048 -0.23044583511180144
0.15577889447236193 -0.22341120519234095
0.1959798994974875 -0.19835017804640703
0.20603015075376896 -0.19292134329996508
0.2160804020100502 -0.1878603591584222
0.22613065326633164 -0.18317824191111734
0.2361809045226131 -0.17889416966397795
0.24623115577889454 -0.17502021780685229
0.256281407035176 -0.17157446693324854
0.29648241206030157 -0.1624235707046558
0.306532663316583 -0.16138158386718188
0.31658291457286425 -0.16087747098818456
0.3266331658291457 -0.16092767087993043
0.33668341708542715 -0.1615500985034553
0.3467336683417086 -0.16276715724241766
0.3668341708542713 -0.16705644628586366
0.37688442211055273 -0.17017235603853353
0.39698492462311563 -0.17844069119123301
0.4070351758793971 -0.1836362435703167
0.42713567839195976 -0.19625362545682754
0.4371859296482412 -0.2037171436035621
0.4572864321608041 -0.22105761380715108
0.46733668341708534 -0.2309790259725807
0.48743718592964824 -0.2534231949077892
0.4974874371859297 -0.2659900097589761
0.5075376884422111 -0.27948172730055026
0.5376884422110553 -0.3257066128446027
0.5477386934673367 -0.3430983430509981
0.5577889447236182 -0.361518063767807
0.5678391959798996 -0.3809856363435589
0.5879396984924623 -0.42313689362823176
0.6080402010050252 -0.46970421396793477
0.6180904522613067 -0.4946914918443485
0.6381909547738693 -0.5481619245686499
0.6482412060301508 -0.5766780901533685
0.6683417085427137 -0.6373580054136642
0.6884422110552764 -0.7030009957429968
0.7185929648241207 -0.8110213683218896
0.7386934673366834 -0.8895523987446892
0.7487437185929648 -0.9308063965499289
0.7587939698492463 -0.9733978947632904
0.778894472361809 -1.0626283683875535
0.7889447236180904 -1.1092836988828028
0.7989949748743719 -1.1573018959379742
0.8090452261306533 -1.2066924934627217
0.8190954773869348 -1.257457480719554
0.829145728643216 -1.3095997377487425
0.8391959798994975 -1.3631150708214783
0.8492462311557789 -1.4180119675166383
0.8894472361809045 -1.6513014162654884
0.8994974874371859 -1.7130276194266603
0.9095477386934674 -1.7761004441578776
0.9296482412060301 -1.9062448765679743
0.949748743718593 -2.0416338775854297
0.9798994974874373 -2.254254994647311
0.9899497487437185 -2.3275927503028533
