-1.0 4.824728940779987
-0.9899497487437185 4.487855566651674
-0.9798994974874372 4.182312384088581
-0.9698492462311558 3.902646847991564
-0.9597989949748744 3.647283859089939
-0.949748743718593 3.416521377492717
-0.9396984924623115 3.2044151450495977
-0.9296482412060302 3.013204849539224
-0.8894472361809045 2.399351583994091
-0.8793969849246231 2.277178786373072
-0.8693467336683417 2.166356511346641
-0.8492462311557789 1.9734513621380587
-0.8391959798994975 1.8888081567434165
-0.8190954773869347 1.7415524370816975
-0.8090452261306533 1.6760952039040409
-0.7989949748743719 1.6156430408074094
-0.778894472361809 1.510177124001531
-0.728643216080402 1.3056083398482372
-0.7185929648241206 1.2719864513564512
-0.6984924623115578 1.2097350020416084
-0.6884422110552764 1.1825781095321337
-0.6783919597989949 1.155256810855572
-0.6683417085427136 1.1304615527732564
-0.6482412060301508 1.082028701427374
-0.6381909547738693 1.060981381018133
-0.6281407035175879 1.0389472996495661
-0.6180904522613065 1.018280140194944
-0.6080402010050251 0.9987639745756248
-0.5979899497487438 0.9792086670776429
-0.5879396984924623 0.9619343688970875
-0.5778894472361809 0.9440040536138831
-0.5678391959798995 0.9249522008178691
-0.5577889447236181 0.9083617058257535
-0.5376884422110553 0.8744715439590071
-0.5276381909547738 0.8588995608702699
-0.5175879396984925 0.8456461800559556
-0.507537688442211 0.8288723729393335
-0.48743718592964824 0.8006562961608744
-0.4773869346733668 0.7875576026948067
-0.46733668341708545 0.7740518159420263
-0.457286432160804 0.7609871271906259
-0.4371859296482412 0.7357492594705777
-0.42713567839195976 0.7251525831244398
-0.4170854271356784 0.7115382272297516
-0.40703517587939697 0.700003031811479
-0.3969849246231155 0.6907041560234752
-0.3869346733668342 0.6807074235813456
-0.3467336683417085 0.6404258998489165
-0.3266331658291457 0.6234460146712536
-0.31658291457286436 0.6164418438897922
-0.3065326633165829 0.6078118758567759
-0.29648241206030146 0.6007374399942321
-0.2864321608040201 0.5921996631838534
-0.27638190954773867 0.5876217168486391
-0.24623115577889443 0.5675971682716713
-0.2361809045226131 0.5626576800236196
-0.2160804020100502 0.5546156154917192
-0.20603015075376885 0.5497612672076028
-0.1959798994974874 0.546417319617103
-0.18592964824120606 0.5428846972458181
-0.1758793969849246 0.5415701846581266
-0.16582914572864316 0.5363933855882483
-0.14572864321608037 0.5320917029253645
-0.13567839195979903 0.5309965553150465
-0.12562814070351758 0.5294917163287911
-0.11557788944723613 0.5287094336212512
-0.10552763819095479 0.5271522608799113
-0.07537688442211055 0.5266634127136215
-0.0653266331658291 0.5302999473291519
-0.055276381909547756 0.5286744988316098
-0.045226130653266305 0.5302039662569481
-0.035175879396984966 0.5321194902319312
-0.025125628140703515 0.5328457557281623
-0.015075376884422065 0.5370905059044164
0.015075376884422065 0.546060246532025
0.025125628140703515 0.5488731650477693
0.035175879396984966 0.5529386869355383
0.045226130653266416 0.5572970182601309
0.055276381909547645 0.5617287993756588
0.0653266331658291 0.5683372775065983
0.07537688442211055 0.5704521067316524
0.085427135678392 0.5759691548443224
0.09547738693467345 0.5817240805876638
0.1055276381909549 0.5885914918080304
0.12562814070351758 0.6028583750659122
0.13567839195979903 0.6084880465431319
0.14572864321608048 0.6161401032106197
0.16582914572864316 0.6299392513680593
0.1758793969849246 0.6362916143688696
0.1959798994974875 0.6532701011574154
0.20603015075376896 0.6632923832007729
0.2160804020100502 0.6732342598446036
0.2361809045226131 0.690288751586746
0.24623115577889454 0.7010263260868442
0.2663316582914572 0.7209127047383656
0.27638190954773867 0.7301467842522982
0.2864321608040201 0.7386384994641084
0.306532663316583 0.7615181672399561
0.31658291457286425 0.7726150198543744
0.3467336683417086 0.8064162565276709
0.35678391959799005 0.8179206573731328
0.37688442211055273 0.842458229851435
0.3869346733668342 0.8561172263916753
0.39698492462311563 0.8662651572486961
0.4170854271356783 0.892673010871015
0.42713567839195976 0.9045633498561524
0.4371859296482412 0.9158536947555374
0.44723618090452266 0.9278788651876194
0.4572864321608041 0.9435120725691303
0.46733668341708534 0.956574440561509
0.4773869346733668 0.9685042323603318
0.4974874371859297 0.9960078547397506
0.5075376884422111 1.0082230149229598
0.5276381909547738 1.0352362470829497
0.5376884422110553 1.046173150787573
0.5477386934673367 1.060170183346311
0.5678391959798996 1.086356482893661
0.5778894472361809 1.0973531282085112
0.5879396984924623 1.1118612918198247
0.5979899497487438 1.1237974178148193
0.6180904522613067 1.1471743629439048
0.6381909547738693 1.1678522515177245
0.6482412060301508 1.1785478536284983
0.6582914572864322 1.1878794907222128
0.6783919597989949 1.2025802160470536
0.6884422110552764 1.2098445806914524
0.6984924623115578 1.2140369269683409
0.7085427135678393 1.2196720799699547
0.7386934673366834 1.224337067081188
0.7587939698492463 1.2181674908447897
0.778894472361809 1.201417082632341
0.7889447236180904 1.1891519870692486
0.7989949748743719 1.173390168158253
0.8090452261306533 1.1557537763822474
0.8190954773869348 1.1319896889034684
0.8492462311557789 1.0354948110115028
0.8592964824120604 0.99229396986077
0.8693467336683418 0.9393252271284136
0.879396984924623 0.8815504251964881
0.8894472361809045 0.8185439435611387
0.8994974874371859 0.7412382802973735
0.9095477386934674 0.6584941704218207
0.9195979899497488 0.5626577960437102
0.9396984924623115 0.33640619919405046
0.949748743718593 0.20383599775277236
0.9597989949748744 0.05447179003416476
0.9698492462311559 -0.11214290580204127
0.9798994974874373 -0.29644615242824973
