-0.9899497487437185 -3.0265910664374296
-0.9698492462311558 -2.8766041892502905
-0.949748743718593 -2.7346438206350543
-0.9396984924623115 -2.666558366725935
-0.9296482412060302 -2.6003429165943026
-0.9195979899497487 -2.535953605561606
-0.9095477386934674 -2.4733473531747587
-0.8793969849246231 -2.295807664939508
-0.8693467336683417 -2.2399181246699404
-0.8592964824120604 -2.185607602553663
-0.8492462311557789 -2.13283748336036
-0.8391959798994975 -2.0815698565987995
-0.8291457286432161 -2.031767505400335
-0.8190954773869347 -1.98339389546207
-0.8090452261306533 -1.9364131640497164
-0.7989949748743719 -1.890790109060103
-0.778894472361809 -1.8034794578848692
-0.7487437185929648 -1.6818527854298326
-0.7386934673366834 -1.6436721770683183
-0.728643216080402 -1.6066204218619988
-0.7185929648241206 -1.5706672161682802
-0.7085427135678393 -1.535782821223697
-0.6984924623115578 -1.5019380528031727
-0.6884422110552764 -1.4691042709389557
-0.6482412060301508 -1.3473246879692427
-0.6381909547738693 -1.319134576220779
-0.6180904522613065 -1.2652792634982675
-0.5979899497487438 -1.214625389357807
-0.5778894472361809 -1.166981157775947
-0.5678391959798995 -1.1442296337673392
-0.5577889447236181 -1.1221617348716537
-0.5477386934673367 -1.100755394629013
-0.5276381909547738 -1.0598411009479958
-0.5175879396984925 -1.0402909633553328
-0.4773869346733668 -0.9676621473529653
-0.46733668341708545 -0.9507996045595147
-0.457286432160804 -0.9344167897559742
-0.4371859296482412 -0.9030166229034935
-0.42713567839195976 -0.8879631680791087
-0.3869346733668342 -0.8316524250107798
-0.37688442211055273 -0.8184658476364955
-0.3668341708542714 -0.8056027483376492
-0.35678391959798994 -0.7930470705252541
-0.3467336683417085 -0.7807829878173392
-0.33668341708542715 -0.7687948958464699
-0.3266331658291457 -0.7570674041269384
-0.3065326633165829 -0.7343336805285857
-0.27638190954773867 -0.7018142418185122
-0.26633165829145733 -0.6913381190881587
-0.2562814070351759 -0.6810201812733573
-0.24623115577889443 -0.670846463322057
-0.2361809045226131 -0.6608031435540015
-0.22613065326633164 -0.6508765361246599
-0.2160804020100502 -0.6410530835488336
-0.20603015075376885 -0.6313193492839367
-0.1959798994974874 -0.6216620103729485
-0.18592964824120606 -0.6120678501470431
-0.1758793969849246 -0.6025237509878892
-0.15577889447236182 -0.5835337176405209
-0.14572864321608037 -0.574061979164273
-0.12562814070351758 -0.5551010886680572
-0.11557788944723613 -0.5455865358400662
-0.07537688442211055 -0.5070068719352431
-0.0653266331658291 -0.49716894440702086
-0.055276381909547756 -0.48722883939693545
-0.045226130653266305 -0.47717409546417744
-0.035175879396984966 -0.4669922551564169
-0.025125628140703515 -0.45667085866721185
-0.015075376884422065 -0.44619743755309355
0.005025125628140614 -0.42474456721132614
0.035175879396984966 -0.39111218337958303
0.045226130653266416 -0.37946351692001656
0.055276381909547645 -0.36757478966106577
0.0653266331658291 -0.3554332450389347
0.07537688442211055 -0.34302606399188257
0.085427135678392 -0.3303403592740451
0.09547738693467345 -0.3173631698289321
0.1055276381909549 -0.30408145522259816
0.11557788944723613 -0.2904820901364871
0.13567839195979903 -0.2622774502024386
0.14572864321608048 -0.24764545156537143
0.15577889447236193 -0.23264234427367358
0.16582914572864316 -0.21725449806699135
0.18592964824120606 -0.18526947940586205
0.1959798994974875 -0.16864444276067314
0.20603015075376896 -0.1515789288191604
0.2160804020100502 -0.13405867365137247
0.22613065326633164 -0.11606927180251399
0.24623115577889454 -0.07862466993145689
0.27638190954773867 -0.018570366023328774
0.2864321608040201 0.0025449520095665117
0.29648241206030157 0.024234612533545145
0.306532663316583 0.04651432066800741
0.31658291457286425 0.06939996402855345
0.3668341708542713 0.19348658149443765
0.37688442211055273 0.22035222441186178
0.3869346733668342 0.2479404755755743
0.4070351758793971 0.3053550041427389
0.4170854271356783 0.33521693259849705
0.42713567839195976 0.36587277877936136
0.4371859296482412 0.39734093500088224
0.44723618090452266 0.42964002672229396
0.4572864321608041 0.4627889160247576
0.46733668341708534 0.4968067050299285
0.48743718592964824 0.5675266109311946
0.4974874371859297 0.6042681622047659
0.5075376884422111 0.6419574883554197
0.5376884422110553 0.7609169307053475
0.5477386934673367 0.802603479437329
0.5577889447236182 0.8453421833145387
0.5778894472361809 0.9340630398895342
0.5979899497487438 1.0272562204181226
0.6080402010050252 1.0755863756210327
0.6180904522613067 1.1251029092358045
0.6281407035175879 1.1758291802635183
0.6381909547738693 1.227788836731321
0.6482412060301508 1.2810058180368593
0.6582914572864322 1.3355043572330498
0.6683417085427137 1.391308983253168
0.6783919597989949 1.448444523076265
0.6884422110552764 1.506936103832916
0.6984924623115578 1.566809154851282
0.7085427135678393 1.62808940964351
0.7185929648241207 1.6908029078324551
0.728643216080402 1.7549759970187246
0.7487437185929648 1.8878078894590289
0.778894472361809 2.0986792550906617
0.7889447236180904 2.1721806568381727
0.8090452261306533 2.3241707074463926
0.8190954773869348 2.4027174213539704
0.829145728643216 2.4830045091251796
0.8492462311557789 2.6489194980436186
0.8592964824120604 2.734608060494105
0.8693467336683418 2.822158321537643
0.879396984924623 2.9116014319086587
0.8894472361809045 3.002968872076453
0.9195979899497488 3.288936939563248
0.9396984924623115 3.4897960201474114
0.9597989949748744 3.699136157632696
0.9899497487437185 4.029644403943186
1.0 4.144352220999391
