-1.0 -3.3320398824077238
-0.9899497487437185 -2.331768589207886
-0.9798994974874372 -3.809023188223445
-0.9597989949748744 -2.4433703170836747
-0.949748743718593 -4.5950257362052245
-0.9396984924623115 -2.9159361109277437
-0.9296482412060302 -3.0712275414764525
-0.9095477386934674 -1.2756827057648892
-0.8994974874371859 -1.3040199309052882
-0.8894472361809045 -1.346034864553357
-0.8793969849246231 -0.657017504117996
-0.8693467336683417 -2.8055358012621876
-0.8492462311557789 -1.4017699757902184
-0.8391959798994975 -3.6373375886287835
-0.8291457286432161 -2.8153425240026557
-0.8190954773869347 -3.203867872995497
-0.8090452261306533 -2.788875371827146
-0.7989949748743719 -3.452160863686516
-0.778894472361809 -3.4926177106242875
-0.7688442211055276 -3.299418050253938
-0.7587939698492463 -1.873767173598422
-0.7386934673366834 -1.097976379599925
-0.7185929648241206 -2.1143502592347874
-0.7085427135678393 -3.4501766047533855
-0.6984924623115578 -2.3801333680917764
-0.6884422110552764 -3.0993850146548065
-0.6783919597989949 -3.197939829807222
-0.6683417085427136 -3.790306591082496
-0.6582914572864322 -2.479524412940968
-0.6482412060301508 -3.864411817573433
-0.6381909547738693 -3.5435065095406144
-0.6281407035175879 -3.486803765811835
-0.6080402010050251 -1.1498517453025554
-0.5979899497487438 -3.8149361109593154
-0.5778894472361809 -3.0731531644978425
-0.5678391959798995 -3.0067674529836332
-0.5577889447236181 -2.584029733318581
-0.5477386934673367 -2.991031652455682
-0.5376884422110553 -2.7396798380850726
-0.5276381909547738 -3.557017604444383
-0.5175879396984925 -4.538274580979263
-0.507537688442211 -2.5651801141422523
-0.48743718592964824 -1.9822306349693783
-0.4773869346733668 -3.229760057511693
-0.457286432160804 -2.6424545563209394
-0.4371859296482412 -2.1008920458748217
-0.42713567839195976 -1.1667989109357624
-0.40703517587939697 -3.8341504428493134
-0.3969849246231155 -3.9810798974904076
-0.3869346733668342 -2.757369116511052
-0.37688442211055273 -3.5627671669956524
-0.3668341708542714 -2.0763345597326612
-0.35678391959798994 -3.233950298802589
-0.3467336683417085 -4.692638906895059
-0.33668341708542715 -3.148073090313348
-0.3266331658291457 -4.839070309389937
-0.31658291457286436 -4.376650348297195
-0.3065326633165829 -3.7662290854041602
-0.27638190954773867 -2.953613420025219
-0.24623115577889443 -1.5563042444415796
-0.22613065326633164 -2.6175979722059814
-0.2160804020100502 -2.238798038347747
-0.1959798994974874 -2.3507794622241533
-0.18592964824120606 -2.5874713092417903
-0.1758793969849246 -2.479010334777274
-0.15577889447236182 -1.7694805108826746
-0.14572864321608037 -2.2845208149981353
-0.12562814070351758 -2.234550363114697
-0.10552763819095479 -3.7143634461662414
-0.07537688442211055 -3.3177591552236985
-0.0653266331658291 -2.589706700353993
-0.055276381909547756 -3.8430563141572147
-0.045226130653266305 -4.738425793824602
-0.035175879396984966 -3.958557035467904
-0.025125628140703515 -2.001677758972858
-0.015075376884422065 -2.5518619781241627
0.015075376884422065 -3.293399802725246
0.035175879396984966 -2.5413965324835504
0.045226130653266416 -3.2786138170926042
0.055276381909547645 -2.957156514930427
0.0653266331658291 -1.9922925940726115
0.085427135678392 -2.70355090041037
0.09547738693467345 -1.4318000340451806
0.1055276381909549 -3.9858635521502572
0.11557788944723613 -3.119892670009838
0.12562814070351758 -3.183967770570687
0.13567839195979903 -1.6531782892911489
0.14572864321608048 -3.3062370565582606
0.16582914572864316 -3.454589486310391
0.1758793969849246 -3.5305477050291985
0.18592964824120606 -2.606744229962093
0.22613065326633164 -2.9069224108653784
0.256281407035176 -1.0682010545965135
0.2663316582914572 -2.703656810911423
0.27638190954773867 -3.5995935807144965
0.29648241206030157 -2.5117897020342745
0.306532663316583 -3.4843227130302306
0.33668341708542715 -2.9742332915633343
0.3467336683417086 -3.323373056361373
0.35678391959799005 -5.080706715885924
0.3668341708542713 -3.2201223364394993
0.37688442211055273 -2.9535311466750676
0.3869346733668342 -3.627885172799523
0.39698492462311563 -1.5185742146747134
0.4070351758793971 -2.777182636043866
0.42713567839195976 -1.525597922304797
0.4371859296482412 -0.5339335348349623
0.44723618090452266 -2.030164240728882
0.46733668341708534 -0.7864698447973817
0.48743718592964824 -1.8531675748447003
0.4974874371859297 -3.383943042069835
0.5276381909547738 -5.6868032461025235
0.5477386934673367 -2.2094580740923933
0.5577889447236182 -2.3263678940979586
0.5879396984924623 -2.9471381921124937
0.5979899497487438 -1.7085552563066724
0.6080402010050252 -3.3293684716598477
0.6180904522613067 -2.0812227155678524
0.6281407035175879 -2.6621639804780166
0.6381909547738693 -3.8422848782525807
0.6482412060301508 -1.979497324812526
0.6582914572864322 -4.185837399921602
0.6783919597989949 -1.195545402673416
0.6884422110552764 -2.7974899131531767
0.6984924623115578 -2.89207425376563
0.7085427135678393 -4.837015524668429
0.7185929648241207 -2.4905066192808185
0.7487437185929648 -0.8119431067932461
0.7587939698492463 -4.7111386458918
0.7688442211055277 -3.7202598794487223
0.7889447236180904 -3.3848365289738758
0.7989949748743719 -2.382559941415681
0.829145728643216 -3.4579251712065617
0.8492462311557789 -2.1708083926419546
0.8592964824120604 -1.815198547126445
0.8693467336683418 -2.9608904221329864
0.879396984924623 -2.4473630975698324
0.8894472361809045 -2.842393115031531
0.8994974874371859 -3.5837430521367377
0.9095477386934674 -4.703784736773034
0.9195979899497488 -3.2974720422464525
0.949748743718593 0.1301241680789773
0.9597989949748744 -2.3243759965597963
0.9698492462311559 -1.7506898515584681
0.9798994974874373 -3.441229955105335
0.9899497487437185 -2.1438143466537407
1.0 -4.768564084954784
